timestamp	f1_405	f2_425	fz_450	f3_475	f4_515	f5_550	fy_555	fxl_600	f6_640	f7_690	f8_745	nir_855	clear	T	P	RH	Gas	model	mode	gain	atime	astep	led
2026-04-13T13:30:16.981	65	610	2235	1776	2770	913	2875	1969	1746	1811	336	123	34482	27.88	1012.41	53.46	100566	AS7343	flash	7	110	599	5
2026-04-13T13:30:19.054	66	609	2234	1776	2770	913	2873	1968	1747	1810	336	124	34467	27.88	1012.45	53.48	100267	AS7343	flash	7	110	599	5
2026-04-13T13:30:21.027	65	610	2234	1777	2769	912	2874	1968	1746	1808	335	123	34425	27.88	1012.43	53.47	100506	AS7343	flash	7	110	599	5
2026-04-13T13:30:22.996	66	609	2233	1776	2769	913	2873	1968	1746	1810	336	124	34448	27.88	1012.46	53.48	100566	AS7343	flash	7	110	599	5
2026-04-13T13:30:25.070	66	609	2234	1776	2769	912	2873	1967	1746	1809	336	123	34441	27.88	1012.45	53.48	99970	AS7343	flash	7	110	599	5
2026-04-13T13:30:27.038	66	610	2234	1776	2769	913	2872	1967	1746	1809	336	124	34440	27.88	1012.45	53.49	100387	AS7343	flash	7	110	599	5
2026-04-13T13:30:29.012	65	610	2235	1777	2770	912	2873	1967	1746	1809	336	124	34478	27.88	1012.43	53.48	100566	AS7343	flash	7	110	599	5
2026-04-13T13:30:31.089	66	610	2234	1776	2769	912	2872	1967	1745	1809	336	123	34479	27.88	1012.45	53.5	99970	AS7343	flash	7	110	599	5
2026-04-13T13:30:33.077	65	610	2235	1776	2768	912	2873	1966	1745	1809	336	124	34473	27.88	1012.46	53.5	100089	AS7343	flash	7	110	599	5
2026-04-13T13:30:35.074	65	610	2234	1777	2769	912	2872	1967	1745	1809	336	124	34473	27.88	1012.46	53.49	100267	AS7343	flash	7	110	599	5
2026-04-13T13:30:37.049	66	609	2234	1777	2769	912	2872	1965	1745	1809	335	124	34462	27.88	1012.44	53.49	100746	AS7343	flash	7	110	599	5
2026-04-13T13:30:39.129	66	609	2234	1776	2769	913	2873	1967	1745	1811	336	124	34463	27.87	1012.44	53.52	99734	AS7343	flash	7	110	599	5
2026-04-13T13:30:41.103	66	609	2235	1777	2769	913	2873	1966	1746	1809	335	123	34461	27.88	1012.45	53.51	100148	AS7343	flash	7	110	599	5
2026-04-13T13:30:43.077	65	610	2234	1777	2768	912	2874	1966	1746	1810	336	123	34465	27.88	1012.43	53.51	100148	AS7343	flash	7	110	599	5
2026-04-13T13:30:45.045	65	611	2235	1777	2769	912	2873	1966	1745	1811	337	124	34469	27.89	1012.42	53.51	100806	AS7343	flash	7	110	599	5
2026-04-13T13:30:47.122	65	610	2235	1777	2768	912	2873	1966	1746	1810	336	123	34464	27.88	1012.5	53.53	99911	AS7343	flash	7	110	599	5
2026-04-13T13:30:49.090	66	611	2236	1778	2769	912	2873	1966	1745	1810	335	124	34463	27.88	1012.43	53.52	100387	AS7343	flash	7	110	599	5
2026-04-13T13:30:51.178	65	611	2236	1777	2768	912	2873	1966	1745	1810	336	124	34471	27.87	1012.47	53.54	99440	AS7343	flash	7	110	599	5
2026-04-13T13:30:53.158	65	610	2237	1778	2769	912	2873	1966	1745	1809	336	124	34472	27.88	1012.44	53.53	99911	AS7343	flash	7	110	599	5
2026-04-13T13:30:55.136	66	609	2235	1777	2768	911	2871	1965	1745	1808	336	123	34474	27.88	1012.45	53.53	100208	AS7343	flash	7	110	599	5
2026-04-13T13:30:57.212	65	611	2237	1777	2768	912	2873	1966	1745	1809	336	124	34469	27.88	1012.46	53.54	99793	AS7343	flash	7	110	599	5
2026-04-13T13:30:59.178	65	610	2236	1777	2768	912	2872	1965	1745	1809	336	124	34469	27.88	1012.42	53.53	100267	AS7343	flash	7	110	599	5
2026-04-13T13:31:01.151	65	611	2235	1777	2767	912	2872	1965	1745	1809	336	124	34469	27.88	1012.45	53.52	100208	AS7343	flash	7	110	599	5
2026-04-13T13:31:03.221	66	609	2238	1779	2769	912	2874	1967	1746	1810	336	124	34469	27.87	1012.42	53.54	99558	AS7343	flash	7	110	599	5
2026-04-13T13:31:05.194	65	609	2235	1776	2766	912	2869	1964	1742	1807	334	122	34453	27.87	1012.42	53.54	100267	AS7343	flash	7	110	599	5
2026-04-13T13:31:07.162	65	610	2236	1778	2768	912	2871	1965	1744	1809	336	123	34533	27.88	1012.45	53.53	100446	AS7343	flash	7	110	599	5
2026-04-13T13:31:09.135	66	610	2236	1778	2769	912	2875	1968	1746	1810	336	126	34476	27.88	1012.46	53.54	100387	AS7343	flash	7	110	599	5
2026-04-13T13:31:11.212	65	611	2236	1777	2769	912	2872	1966	1745	1810	336	123	34482	27.87	1012.45	53.55	99734	AS7343	flash	7	110	599	5
2026-04-13T13:31:13.175	66	611	2235	1778	2769	912	2873	1966	1745	1810	336	124	34482	27.88	1012.44	53.54	100267	AS7343	flash	7	110	599	5
2026-04-13T13:31:15.154	65	611	2236	1778	2768	911	2872	1965	1745	1809	336	123	34403	27.88	1012.44	53.54	100387	AS7343	flash	7	110	599	5
2026-04-13T13:31:17.128	65	609	2236	1778	2768	911	2871	1966	1744	1809	336	123	34404	27.88	1012.45	53.54	100446	AS7343	flash	7	110	599	5
2026-04-13T13:31:19.214	65	610	2237	1777	2767	911	2873	1966	1744	1809	336	124	34410	27.86	1012.45	53.56	99793	AS7343	flash	7	110	599	5
2026-04-13T13:31:21.184	65	610	2237	1777	2768	911	2873	1967	1744	1808	335	124	34452	27.88	1012.44	53.55	100089	AS7343	flash	7	110	599	5
2026-04-13T13:31:23.154	65	611	2236	1777	2768	912	2871	1966	1745	1810	336	124	34475	27.88	1012.45	53.56	100387	AS7343	flash	7	110	599	5
2026-04-13T13:31:25.126	66	612	2237	1779	2770	913	2874	1967	1747	1813	337	125	34466	27.88	1012.44	53.55	100446	AS7343	flash	7	110	599	5
2026-04-13T13:31:27.223	65	610	2236	1778	2767	911	2870	1965	1744	1810	336	124	34399	27.88	1012.41	53.56	99558	AS7343	flash	7	110	599	5
2026-04-13T13:31:29.204	65	611	2237	1778	2769	912	2872	1965	1745	1809	335	124	34402	27.88	1012.45	53.56	100089	AS7343	flash	7	110	599	5
2026-04-13T13:31:31.187	65	611	2237	1778	2768	911	2871	1965	1745	1809	337	124	34401	27.88	1012.41	53.56	100089	AS7343	flash	7	110	599	5
2026-04-13T13:31:33.164	65	611	2238	1779	2768	912	2872	1965	1744	1810	336	123	34399	27.88	1012.43	53.58	100208	AS7343	flash	7	110	599	5
2026-04-13T13:31:35.146	65	611	2237	1779	2768	912	2872	1965	1744	1809	336	124	34400	27.88	1012.42	53.56	100506	AS7343	flash	7	110	599	5
2026-04-13T13:31:37.130	65	611	2237	1778	2768	911	2870	1964	1745	1808	336	123	34408	27.88	1012.44	53.56	100327	AS7343	flash	7	110	599	5
2026-04-13T13:31:39.221	65	610	2237	1777	2767	911	2871	1966	1744	1809	336	123	34410	27.86	1012.43	53.57	99558	AS7343	flash	7	110	599	5
2026-04-13T13:31:41.205	65	611	2237	1777	2768	911	2871	1965	1744	1809	336	123	34398	27.88	1012.48	53.59	99911	AS7343	flash	7	110	599	5
2026-04-13T13:31:43.188	65	611	2236	1777	2767	911	2871	1964	1744	1807	336	123	34402	27.88	1012.45	53.57	100089	AS7343	flash	7	110	599	5
2026-04-13T13:31:45.167	65	611	2238	1778	2769	911	2871	1966	1745	1810	337	124	34414	27.87	1012.42	53.57	100030	AS7343	flash	7	110	599	5
2026-04-13T13:31:47.145	65	611	2236	1779	2768	911	2871	1964	1744	1809	335	124	34395	27.88	1012.47	53.58	100208	AS7343	flash	7	110	599	5
2026-04-13T13:31:49.131	65	610	2237	1779	2767	911	2872	1965	1743	1810	335	124	34395	27.88	1012.44	53.58	100267	AS7343	flash	7	110	599	5
2026-04-13T13:31:51.223	65	611	2237	1778	2768	912	2871	1965	1745	1809	336	124	34395	27.87	1012.45	53.59	99499	AS7343	flash	7	110	599	5
2026-04-13T13:31:53.207	65	611	2237	1779	2769	912	2871	1966	1745	1811	336	124	34392	27.88	1012.43	53.6	99911	AS7343	flash	7	110	599	5
2026-04-13T13:31:55.197	65	610	2238	1778	2768	912	2871	1965	1744	1809	336	124	34358	27.88	1012.49	53.6	99970	AS7343	flash	7	110	599	5
2026-04-13T13:31:57.184	65	610	2239	1778	2768	911	2874	1966	1744	1809	336	124	34370	27.87	1012.44	53.59	99970	AS7343	flash	7	110	599	5
2026-04-13T13:31:59.172	65	610	2237	1779	2768	912	2870	1964	1744	1809	335	124	34359	27.88	1012.44	53.59	100089	AS7343	flash	7	110	599	5
2026-04-13T13:32:01.162	65	610	2237	1779	2768	912	2870	1965	1744	1808	337	124	34360	27.88	1012.43	53.59	99970	AS7343	flash	7	110	599	5
2026-04-13T13:32:03.141	65	610	2238	1778	2768	911	2868	1965	1743	1807	335	124	34361	27.87	1012.44	53.59	100030	AS7343	flash	7	110	599	5
2026-04-13T13:32:05.242	65	611	2237	1778	2768	912	2870	1964	1744	1809	336	123	34375	27.87	1012.45	53.61	99206	AS7343	flash	7	110	599	5
2026-04-13T13:32:07.224	65	611	2238	1778	2767	912	2870	1964	1744	1808	335	124	34365	27.87	1012.42	53.61	99616	AS7343	flash	7	110	599	5
2026-04-13T13:32:09.206	65	610	2236	1778	2767	912	2870	1965	1743	1808	336	124	34362	27.88	1012.42	53.61	99911	AS7343	flash	7	110	599	5
2026-04-13T13:32:11.185	65	611	2238	1778	2766	911	2871	1964	1741	1808	335	124	34365	27.88	1012.41	53.6	100148	AS7343	flash	7	110	599	5
2026-04-13T13:32:13.148	65	610	2237	1778	2766	911	2870	1963	1742	1808	335	122	34378	27.88	1012.4	53.6	100030	AS7343	flash	7	110	599	5
2026-04-13T13:32:15.249	65	611	2238	1778	2768	911	2871	1965	1743	1808	336	124	34377	27.87	1012.44	53.6	99265	AS7343	flash	7	110	599	5
2026-04-13T13:32:17.222	65	611	2237	1777	2767	912	2870	1964	1744	1809	336	124	34378	27.88	1012.4	53.61	99616	AS7343	flash	7	110	599	5
2026-04-13T13:32:19.190	65	610	2239	1778	2768	911	2872	1965	1743	1809	337	124	34373	27.88	1012.51	53.6	99970	AS7343	flash	7	110	599	5
2026-04-13T13:32:21.161	65	611	2240	1779	2769	912	2871	1965	1744	1809	336	123	34357	27.88	1012.53	53.61	100148	AS7343	flash	7	110	599	5
2026-04-13T13:32:23.235	65	611	2239	1778	2768	912	2870	1964	1744	1808	335	123	34357	27.87	1012.41	53.63	99440	AS7343	flash	7	110	599	5
2026-04-13T13:32:25.216	65	611	2237	1778	2767	911	2870	1962	1743	1808	335	123	34385	27.88	1012.46	53.63	99675	AS7343	flash	7	110	599	5
2026-04-13T13:32:27.187	65	611	2239	1779	2768	912	2871	1965	1745	1810	337	125	34415	27.88	1012.43	53.62	100208	AS7343	flash	7	110	599	5
2026-04-13T13:32:29.171	65	611	2239	1779	2767	911	2871	1965	1743	1809	336	123	34432	27.88	1012.41	53.61	99911	AS7343	flash	7	110	599	5
2026-04-13T13:32:31.240	66	611	2238	1778	2767	912	2870	1965	1744	1808	335	123	34456	27.87	1012.44	53.61	99265	AS7343	flash	7	110	599	5
2026-04-13T13:32:33.219	65	611	2239	1780	2770	911	2872	1966	1746	1811	337	126	34434	27.88	1012.41	53.63	99734	AS7343	flash	7	110	599	5
2026-04-13T13:32:35.296	65	610	2238	1779	2768	912	2870	1964	1744	1810	336	123	34382	27.87	1012.43	53.63	99206	AS7343	flash	7	110	599	5
2026-04-13T13:32:37.246	65	611	2237	1779	2768	911	2871	1964	1744	1808	336	124	34393	27.88	1012.48	53.63	99793	AS7343	flash	7	110	599	5
2026-04-13T13:32:39.212	66	610	2237	1779	2768	911	2869	1962	1744	1809	336	122	34447	27.88	1012.5	53.61	100148	AS7343	flash	7	110	599	5
2026-04-13T13:32:41.286	65	611	2237	1778	2767	911	2871	1964	1744	1808	335	124	34394	27.88	1012.43	53.63	99558	AS7343	flash	7	110	599	5
2026-04-13T13:32:43.252	65	611	2237	1778	2768	911	2871	1964	1744	1808	336	124	34382	27.88	1012.44	53.62	99734	AS7343	flash	7	110	599	5
2026-04-13T13:32:45.225	65	611	2238	1778	2766	912	2871	1965	1743	1808	336	123	34377	27.88	1012.45	53.63	99852	AS7343	flash	7	110	599	5
2026-04-13T13:32:47.304	65	610	2237	1779	2768	912	2870	1964	1743	1809	336	123	34372	27.88	1012.43	53.63	99265	AS7343	flash	7	110	599	5
2026-04-13T13:32:49.267	65	611	2237	1778	2767	911	2870	1964	1744	1808	336	124	34380	27.88	1012.44	53.64	99793	AS7343	flash	7	110	599	5
2026-04-13T13:32:51.361	65	611	2237	1778	2766	911	2869	1963	1743	1808	335	122	34400	27.88	1012.44	53.63	98974	AS7343	flash	7	110	599	5
2026-04-13T13:32:53.327	65	611	2238	1779	2767	911	2871	1964	1744	1809	336	124	34428	27.89	1012.41	53.63	99558	AS7343	flash	7	110	599	5
2026-04-13T13:32:55.293	65	611	2238	1779	2768	911	2869	1963	1743	1807	336	123	34411	27.89	1012.46	53.63	99675	AS7343	flash	7	110	599	5
2026-04-13T13:32:57.358	65	611	2238	1779	2768	911	2869	1964	1743	1808	336	124	34403	27.88	1012.4	53.63	99265	AS7343	flash	7	110	599	5
2026-04-13T13:32:59.332	65	611	2237	1780	2767	910	2869	1963	1743	1807	336	123	34427	27.88	1012.44	53.62	99675	AS7343	flash	7	110	599	5
2026-04-13T13:33:01.302	65	611	2237	1778	2767	911	2870	1963	1743	1808	336	123	34410	27.88	1012.46	53.63	99675	AS7343	flash	7	110	599	5
2026-04-13T13:33:03.382	65	611	2238	1779	2768	912	2870	1964	1743	1809	335	123	34390	27.88	1012.46	53.64	99090	AS7343	flash	7	110	599	5
2026-04-13T13:33:05.369	65	611	2238	1778	2767	911	2871	1965	1744	1808	336	123	34410	27.88	1012.42	53.63	99323	AS7343	flash	7	110	599	5
2026-04-13T13:33:07.334	65	611	2239	1779	2768	910	2870	1965	1744	1808	336	124	34390	27.88	1012.42	53.63	99499	AS7343	flash	7	110	599	5
2026-04-13T13:33:09.290	65	611	2238	1780	2767	911	2869	1963	1742	1808	335	123	34390	27.89	1012.47	53.63	99970	AS7343	flash	7	110	599	5
2026-04-13T13:33:11.360	65	611	2238	1780	2769	911	2868	1964	1743	1807	335	123	34390	27.88	1012.46	53.63	99206	AS7343	flash	7	110	599	5
2026-04-13T13:33:13.358	65	611	2238	1779	2768	911	2870	1964	1743	1808	337	124	34396	27.87	1012.43	53.65	99440	AS7343	flash	7	110	599	5
2026-04-13T13:33:15.327	65	610	2239	1778	2767	911	2870	1964	1742	1806	334	123	34362	27.88	1012.44	53.62	99616	AS7343	flash	7	110	599	5
2026-04-13T13:33:17.410	65	611	2238	1779	2769	912	2870	1965	1744	1811	337	125	34419	27.88	1012.48	53.64	98974	AS7343	flash	7	110	599	5
2026-04-13T13:33:19.376	65	611	2236	1778	2767	911	2869	1964	1743	1807	335	123	34386	27.88	1012.45	53.64	99499	AS7343	flash	7	110	599	5
2026-04-13T13:33:21.347	65	611	2238	1779	2768	911	2869	1963	1744	1807	336	124	34382	27.9	1012.48	53.64	99793	AS7343	flash	7	110	599	5
2026-04-13T13:33:23.337	65	611	2239	1779	2767	912	2870	1964	1743	1808	336	124	34383	27.89	1012.45	53.63	99558	AS7343	flash	7	110	599	5
2026-04-13T13:33:25.428	65	611	2239	1779	2768	911	2870	1964	1743	1808	336	124	34375	27.88	1012.45	53.64	98974	AS7343	flash	7	110	599	5
2026-04-13T13:33:27.410	65	611	2237	1778	2767	911	2869	1963	1743	1808	336	123	34370	27.89	1012.45	53.64	99148	AS7343	flash	7	110	599	5
2026-04-13T13:33:29.405	65	611	2238	1779	2767	911	2869	1964	1742	1808	336	124	34394	27.89	1012.45	53.63	99206	AS7343	flash	7	110	599	5
2026-04-13T13:33:31.379	65	611	2239	1780	2768	912	2871	1965	1743	1808	336	123	34387	27.88	1012.45	53.64	99558	AS7343	flash	7	110	599	5
2026-04-13T13:33:33.362	65	612	2239	1780	2769	911	2870	1965	1743	1809	336	124	34393	27.89	1012.47	53.63	99675	AS7343	flash	7	110	599	5
2026-04-13T13:33:35.346	65	611	2236	1777	2765	911	2867	1961	1741	1805	335	121	34381	27.88	1012.44	53.64	99675	AS7343	flash	7	110	599	5
2026-04-13T13:33:37.435	65	611	2240	1779	2767	912	2869	1963	1742	1809	336	124	34444	27.89	1012.45	53.65	98858	AS7343	flash	7	110	599	5
2026-04-13T13:33:39.400	65	611	2240	1779	2768	911	2871	1964	1744	1808	336	124	34403	27.89	1012.42	53.65	99440	AS7343	flash	7	110	599	5
2026-04-13T13:33:41.374	65	611	2239	1780	2769	911	2871	1965	1743	1807	335	124	34359	27.9	1012.44	53.64	99499	AS7343	flash	7	110	599	5
2026-04-13T13:33:43.351	65	611	2239	1781	2770	912	2871	1964	1743	1808	336	124	34358	27.89	1012.48	53.64	99675	AS7343	flash	7	110	599	5
2026-04-13T13:33:45.426	65	611	2240	1779	2768	911	2870	1964	1743	1808	335	124	34357	27.89	1012.44	53.64	98800	AS7343	flash	7	110	599	5
2026-04-13T13:33:47.406	65	611	2239	1780	2768	912	2870	1964	1743	1808	336	124	34358	27.9	1012.43	53.64	99499	AS7343	flash	7	110	599	5
2026-04-13T13:33:49.379	65	610	2238	1778	2767	912	2869	1963	1742	1807	336	124	34357	27.89	1012.47	53.64	99499	AS7343	flash	7	110	599	5
2026-04-13T13:33:51.363	65	610	2238	1779	2767	911	2869	1963	1741	1807	335	124	34358	27.9	1012.43	53.64	99499	AS7343	flash	7	110	599	5
2026-04-13T13:33:53.354	65	610	2238	1778	2766	910	2867	1962	1741	1805	334	121	34370	27.9	1012.46	53.63	99616	AS7343	flash	7	110	599	5
2026-04-13T13:33:55.324	65	612	2240	1780	2769	911	2872	1965	1744	1809	336	125	34408	27.9	1012.47	53.62	99675	AS7343	flash	7	110	599	5
2026-04-13T13:33:57.413	65	611	2239	1779	2768	911	2870	1964	1743	1808	335	123	34356	27.89	1012.46	53.64	98742	AS7343	flash	7	110	599	5
